aeroplane_y = [0.4194 0.628 0.6625 0.6867 0.7106 0.6617 0.7439 0.7227 0.7374 0.7591 0.7482 0.7648 0.7654 0.7364 0.7618 0.7775 0.7835 0.7747 0.784 0.767 0.7979 0.79 0.7829 0.7753 0.7983 0.7869 0.7979 0.7797 0.7881 0.7985 0.795 0.8025 0.8137 0.8095 0.7951 0.7854 0.8126 0.8012];
bicycle_y = [0.3809 0.635 0.7015 0.744 0.7583 0.713 0.7686 0.765 0.7631 0.802 0.8164 0.7917 0.7852 0.8272 0.8319 0.8091 0.8043 0.8084 0.819 0.8195 0.8247 0.8203 0.8282 0.8214 0.8179 0.8256 0.8262 0.8078 0.8317 0.807 0.8261 0.8258 0.8371 0.8322 0.8199 0.8333 0.8226 0.8018];
bird_y = [0.3377 0.5514 0.5608 0.5972 0.6576 0.6166 0.6786 0.649 0.6787 0.7179 0.6917 0.7051 0.7042 0.6897 0.715 0.7196 0.7241 0.7447 0.7094 0.7268 0.7264 0.7077 0.7199 0.7213 0.7397 0.7304 0.7565 0.7111 0.7259 0.7304 0.7391 0.7381 0.7505 0.7274 0.7289 0.7195 0.7303 0.7385];
boat_y = [0.093 0.2716 0.4515 0.551 0.5832 0.49 0.6051 0.6117 0.5931 0.6428 0.6405 0.6443 0.6598 0.6479 0.6632 0.6773 0.6597 0.6562 0.6746 0.6524 0.6583 0.683 0.6557 0.6573 0.6763 0.6709 0.6554 0.6799 0.692 0.6677 0.6708 0.6871 0.668 0.6901 0.6759 0.684 0.6682 0.6707];
bottle_y = [0.1241 0.2602 0.3007 0.3249 0.3367 0.3031 0.3719 0.3991 0.3647 0.4062 0.398 0.4094 0.3991 0.4263 0.4253 0.4257 0.4143 0.422 0.4401 0.4592 0.4276 0.4619 0.4531 0.4669 0.4474 0.4603 0.4715 0.4745 0.4696 0.4591 0.4553 0.4766 0.4839 0.4682 0.4811 0.453 0.4715 0.4992];
bus_y = [0.3856 0.6142 0.7181 0.7307 0.7652 0.5133 0.7893 0.7978 0.7805 0.7849 0.8041 0.7996 0.7926 0.8156 0.8126 0.8238 0.8291 0.8364 0.8097 0.8152 0.8323 0.8197 0.8268 0.8267 0.8337 0.8322 0.8209 0.8431 0.8335 0.8412 0.8321 0.8337 0.8472 0.8392 0.8394 0.812 0.8358 0.8318];
car_y = [0.636 0.7237 0.7536 0.7667 0.7784 0.7388 0.7864 0.7939 0.7981 0.8148 0.804 0.8169 0.8211 0.8296 0.8301 0.8299 0.8298 0.8303 0.8375 0.8315 0.8408 0.8334 0.8413 0.8423 0.84 0.8465 0.8401 0.8401 0.8457 0.8437 0.8507 0.8424 0.8411 0.8484 0.8456 0.8477 0.8521 0.8488];
cat_y = [0.4828 0.7552 0.7833 0.8173 0.838 0.8047 0.8531 0.823 0.8581 0.8558 0.8572 0.8645 0.875 0.8573 0.8599 0.8557 0.8655 0.8728 0.8674 0.8768 0.8706 0.8747 0.8655 0.8641 0.8573 0.8691 0.884 0.8577 0.8822 0.8791 0.8771 0.8715 0.8711 0.8736 0.8687 0.8708 0.8729 0.8638];
chair_y = [0.2304 0.3198 0.3662 0.4175 0.4657 0.3437 0.495 0.4973 0.4799 0.5205 0.527 0.5346 0.5322 0.5408 0.5359 0.5558 0.5808 0.561 0.5823 0.5659 0.5642 0.5561 0.5775 0.5814 0.5753 0.5802 0.5626 0.5672 0.5619 0.5753 0.5865 0.5815 0.5857 0.5895 0.5963 0.5798 0.5796 0.6039];
cow_y = [0.3363 0.4963 0.6194 0.6307 0.6923 0.6294 0.7239 0.7248 0.7576 0.7284 0.7927 0.7238 0.7561 0.773 0.7718 0.7541 0.7906 0.7991 0.7947 0.7869 0.752 0.796 0.7815 0.7993 0.7795 0.8 0.8021 0.7924 0.8154 0.795 0.8011 0.8027 0.7883 0.7979 0.8106 0.804 0.8033 0.8025];
diningtable_y = [0.1859 0.404 0.4515 0.6142 0.6212 0.4931 0.6385 0.6791 0.6733 0.7116 0.7147 0.7107 0.6892 0.7199 0.7293 0.6951 0.7212 0.7326 0.7034 0.7317 0.7305 0.7479 0.7432 0.7358 0.7394 0.7595 0.7616 0.7246 0.7375 0.7429 0.7516 0.7429 0.7501 0.7463 0.7369 0.7373 0.7424 0.7461];
dog_y = [0.4103 0.6777 0.7584 0.7729 0.7903 0.7758 0.8145 0.8003 0.8179 0.8156 0.8265 0.8319 0.8221 0.8274 0.8382 0.8155 0.8298 0.8444 0.842 0.8449 0.8158 0.8433 0.8404 0.8461 0.8387 0.8388 0.8402 0.8322 0.8408 0.8426 0.8419 0.844 0.8483 0.8421 0.8386 0.8368 0.8388 0.8248];
horse_y = [0.3505 0.6593 0.7479 0.7673 0.7904 0.7095 0.8185 0.7996 0.8309 0.8266 0.825 0.8321 0.83 0.8462 0.8341 0.8299 0.8374 0.8521 0.8328 0.849 0.8087 0.8508 0.8437 0.8453 0.8404 0.848 0.8472 0.8394 0.8532 0.8564 0.8526 0.8559 0.8574 0.8391 0.859 0.8502 0.8562 0.8496];
motorbike_y = [0.4861 0.6324 0.6909 0.7323 0.7533 0.6986 0.7627 0.7333 0.7497 0.7749 0.7983 0.7983 0.7953 0.7949 0.7961 0.8002 0.8033 0.8083 0.8058 0.8038 0.8156 0.8064 0.8067 0.8089 0.7938 0.8239 0.8103 0.7963 0.8136 0.8269 0.8166 0.8257 0.8243 0.826 0.8294 0.8344 0.83 0.8154];
person_y = [0.5537 0.6232 0.6521 0.6665 0.6866 0.6855 0.7149 0.716 0.7062 0.7336 0.7366 0.739 0.7423 0.7406 0.751 0.7408 0.7571 0.7515 0.7606 0.7591 0.7512 0.7526 0.7584 0.7648 0.7621 0.7702 0.7654 0.7579 0.7645 0.7673 0.765 0.7638 0.7623 0.7633 0.7684 0.7667 0.7744 0.7769];
pottedplant_y = [0.1091 0.1774 0.2584 0.3238 0.3439 0.308 0.3525 0.3643 0.3921 0.4366 0.4017 0.4255 0.4309 0.3959 0.4344 0.4143 0.4246 0.4539 0.4619 0.4482 0.4743 0.4527 0.4756 0.4659 0.4599 0.4659 0.4446 0.4546 0.4744 0.4698 0.4663 0.465 0.4777 0.4618 0.456 0.4659 0.4758 0.4808];
sheep_y = [0.3206 0.5199 0.5871 0.6073 0.6514 0.6371 0.6523 0.6692 0.6733 0.7113 0.6665 0.6984 0.7179 0.7104 0.7222 0.6975 0.7506 0.7256 0.7333 0.7141 0.708 0.7035 0.7457 0.7369 0.7477 0.7357 0.7492 0.7627 0.7606 0.7282 0.741 0.753 0.7457 0.7286 0.7579 0.7428 0.7451 0.7362];
sofa_y = [0.3293 0.5165 0.5804 0.6338 0.677 0.5988 0.7225 0.7136 0.7171 0.7187 0.7664 0.7715 0.7464 0.7641 0.762 0.7693 0.7513 0.767 0.7724 0.7678 0.7689 0.7715 0.7797 0.767 0.7555 0.7899 0.772 0.7735 0.7658 0.7784 0.7663 0.7881 0.7517 0.7479 0.7688 0.7747 0.7778 0.7739];
train_y = [0.4096 0.6833 0.7253 0.7786 0.8074 0.4546 0.8213 0.8127 0.8038 0.8339 0.8302 0.8371 0.8494 0.8394 0.8308 0.84 0.8435 0.8575 0.8523 0.8514 0.8607 0.8434 0.843 0.8263 0.8589 0.8534 0.8577 0.8407 0.8717 0.8718 0.8571 0.863 0.8572 0.8537 0.8507 0.8358 0.8507 0.8451];
tvmonitor_y = [0.3794 0.5862 0.6215 0.6268 0.675 0.4769 0.7117 0.7091 0.6859 0.7155 0.7103 0.7333 0.7409 0.7325 0.7206 0.756 0.7428 0.7541 0.7485 0.739 0.7517 0.7449 0.7441 0.7367 0.7461 0.7504 0.7489 0.7619 0.7307 0.7517 0.7497 0.7576 0.7662 0.7596 0.7485 0.7569 0.7592 0.7637];
